[87, 90, 92, 95, 96, 93]
[17, 20, 22, 20, 23, 24]
[10, 13, 11, 12, 9]
[16, 14, 17, 20, 21, 23, 26, 28]
[30, 28, 30, 32, 34, 36, 33]
[20, 18, 19, 22, 20, 22, 25, 28]
[25, 23, 24, 26, 28, 25, 22]
[69, 66, 64, 62, 61, 60, 57, 60]
[18, 17, 15, 17, 14, 12]
[64, 62, 60, 62, 60, 62]
[43, 44, 42, 39, 37, 34, 32]
[76, 79, 76, 74, 71, 68, 70]
[13, 14, 12, 11, 14, 13]
[11, 12, 9, 8, 7, 9, 7, 9]
[71, 74, 75, 77, 80, 81, 79]
[21, 23, 26, 24, 27, 30]
[28, 29, 32, 34, 35, 38, 37, 35]
[74, 73, 74, 75, 78]
[67, 66, 69, 72, 74, 76, 73]
[24, 22, 19, 22, 25, 28]
[55, 52, 53, 51, 54, 56, 58, 56]
[64, 63, 61, 58, 56, 54, 51, 53]
[56, 53, 51, 53, 50]
[23, 20, 18, 21, 24]
[92, 94, 92, 89, 86]
[63, 65, 64, 62, 60, 63]
[90, 92, 89, 91, 88, 85, 84, 82]
[13, 15, 17, 15, 12, 10, 12]
[40, 39, 42, 41, 39]
[33, 34, 35, 36, 39, 42, 45, 48]
[69, 70, 72, 73, 75, 78, 80]
[53, 50, 49, 48, 47]
[10, 9, 6, 5, 4]
[70, 72, 75, 78, 80, 83, 84]
[32, 35, 37, 39, 41]
[79, 76, 73, 71, 70, 69, 66]
[72, 70, 67, 66, 64, 63, 61]
[33, 34, 36, 38, 40, 42, 45, 46]
[75, 72, 70, 67, 64]
[61, 58, 57, 56, 55]
[35, 34, 32, 31, 30, 28, 25, 24]
[43, 40, 38, 36, 33, 30, 28]
[78, 79, 81, 83, 85]
[99, 97, 94, 92, 90]
[67, 69, 72, 75, 76]
[28, 31, 34, 37, 38, 40, 43, 46]
[40, 41, 44, 45, 46, 48]
[87, 84, 82, 79, 77]
[39, 40, 43, 45, 47]
[39, 37, 34, 32, 31, 29]
[96, 94, 93, 91, 89]
[75, 76, 79, 80, 83, 84]
[55, 52, 49, 46, 43, 40, 37]
[65, 63, 62, 61, 58, 56, 55]
[6, 7, 10, 11, 13, 15, 18, 21]
[11, 9, 8, 6, 5, 4, 1]
[26, 23, 21, 20, 19, 18, 16, 15]
[19, 22, 25, 27, 29, 31, 33, 34]
[39, 36, 33, 30, 28, 25]
[58, 59, 60, 61, 62, 65, 66]
[31, 29, 27, 24, 22, 21, 18]
[83, 86, 89, 90, 91]
[26, 28, 31, 33, 34]
[64, 66, 69, 71, 72, 75, 76, 79]
[69, 72, 75, 76, 78, 79, 81]
[38, 40, 43, 45, 48, 50, 51]
[24, 26, 29, 31, 33]
[48, 50, 52, 53, 55]
[33, 36, 37, 38, 41, 44, 46]
[83, 86, 88, 91, 94]
[41, 42, 43, 46, 48, 50, 51, 52]
[67, 68, 71, 72, 74, 75]
[49, 51, 52, 53, 56, 59]
[12, 9, 8, 6, 4, 3]
[97, 96, 94, 92, 91, 90, 89, 86]
[33, 31, 30, 29, 27]
[20, 18, 17, 14, 13, 11, 10]
[7, 8, 10, 11, 13, 16, 17]
[69, 72, 73, 74, 76]
[82, 84, 85, 87, 89]
[48, 47, 45, 42, 41, 38]
[21, 23, 25, 26, 29, 31, 32]
[61, 60, 59, 57, 56, 53]
[57, 60, 61, 62, 64, 66, 67]
[95, 94, 91, 90, 89, 87, 84]
[9, 10, 11, 13, 14]
[13, 16, 19, 22, 25]
[95, 92, 90, 87, 85, 83, 82, 79]
[56, 55, 52, 49, 48, 46]
[16, 18, 20, 23, 24, 27, 28, 30]
[29, 26, 24, 22, 19, 16, 13, 12]
[27, 28, 30, 32, 35, 36, 39]
[63, 65, 66, 68, 71, 72]
[75, 76, 77, 78, 81]
[48, 45, 42, 40, 39, 38, 35]
[16, 17, 20, 23, 24, 25, 26, 28]
[10, 11, 13, 15, 16]
[46, 44, 41, 38, 36]
[46, 48, 49, 50, 52, 54, 57]
[78, 75, 73, 71, 70, 68, 66]
[72, 69, 67, 65, 64]
[80, 78, 76, 73, 70, 67]
[32, 34, 35, 38, 41, 44]
[33, 36, 39, 40, 41, 43]
[9, 12, 13, 16, 19, 21, 24]
[18, 15, 12, 11, 8, 5]
[6, 7, 10, 11, 12, 13, 16, 18]
[20, 18, 17, 14, 13, 11]
[22, 19, 16, 14, 11, 8, 5, 2]
[47, 46, 43, 41, 38, 36]
[77, 74, 72, 71, 69, 67]
[40, 38, 36, 35, 34, 32]
[15, 18, 21, 24, 27, 29, 31, 34]
[98, 97, 96, 93, 90]
[68, 67, 65, 63, 62, 61]
[48, 51, 53, 55, 58]
[64, 67, 69, 71, 73, 75, 78]
[3, 4, 5, 7, 10, 11]
[21, 22, 24, 27, 29, 30, 32, 34]
[56, 55, 52, 50, 49, 46]
[52, 51, 50, 47, 44, 43, 41]
[61, 59, 57, 56, 53, 51, 49, 48]
[57, 60, 63, 64, 66, 69, 71]
[31, 33, 36, 39, 41, 42, 44, 45]
[62, 63, 64, 66, 68, 71]
[86, 85, 82, 79, 77, 76, 74]
[34, 33, 31, 28, 25, 24, 23, 22]
[7, 8, 9, 11, 12, 15, 18, 21]
[56, 59, 61, 62, 65, 66, 68, 69]
[31, 32, 35, 36, 39, 40, 41, 42]
[44, 46, 48, 50, 52, 55, 58, 60]
[91, 94, 96, 98, 99]
[40, 41, 43, 44, 47, 48, 51, 52]
[82, 85, 88, 89, 91]
[55, 54, 51, 50, 47, 46]
[98, 96, 94, 91, 90, 88, 86, 83]
[16, 15, 12, 11, 10, 9, 6, 5]
[67, 66, 65, 64, 63, 61, 58, 55]
[41, 40, 39, 37, 34, 31, 29, 26]
[19, 22, 24, 27, 30]
[12, 14, 17, 18, 21, 22, 23]
[69, 67, 64, 61, 59]
[87, 84, 81, 79, 76, 74, 73]
[84, 86, 88, 89, 91]
[61, 59, 57, 54, 53, 51, 50, 47]
[33, 30, 29, 27, 26, 23, 20]
[81, 80, 77, 75, 72, 70, 69, 68]
[95, 93, 91, 90, 88, 85, 84]
[47, 49, 52, 55, 57, 60, 62, 65]
[62, 63, 66, 67, 69]
[63, 60, 57, 56, 54, 53, 52, 51]
[13, 14, 17, 19, 22, 24, 25, 27]
[66, 68, 70, 71, 72, 75, 78]
[94, 93, 90, 88, 85]
[76, 77, 78, 80, 81]
[79, 77, 75, 72, 70, 67, 64, 63]
[20, 18, 16, 13, 12, 11]
[39, 40, 43, 46, 48, 49, 51, 53]
[36, 39, 42, 44, 46]
[71, 73, 76, 79, 81, 82]
[96, 93, 91, 90, 87, 85, 84]
[49, 46, 45, 42, 39, 36, 33, 31]
[62, 63, 64, 66, 69, 72, 75]
[46, 49, 52, 55, 57, 58, 59, 62]
[61, 63, 65, 66, 67, 68]
[44, 47, 49, 50, 52, 53]
[65, 64, 62, 61, 60, 57]
[85, 82, 81, 80, 78, 77, 74]
[80, 77, 74, 71, 69, 67, 65]
[73, 70, 68, 66, 64, 63, 62]
[55, 57, 60, 62, 64, 66]
[10, 8, 6, 5, 4, 3, 1]
[61, 59, 58, 56, 54]
[28, 25, 24, 22, 21, 18, 15]
[30, 33, 34, 37, 40]
[85, 82, 80, 77, 76, 73]
[57, 60, 61, 64, 67]
[87, 88, 89, 90, 91, 94, 95]
[3, 4, 6, 7, 10]
[54, 52, 50, 49, 48, 46]
[92, 91, 88, 86, 84]
[82, 79, 76, 74, 71]
[56, 57, 60, 61, 63, 66, 69]
[71, 70, 68, 65, 62, 61, 59, 57]
[63, 62, 59, 56, 54, 51]
[10, 12, 14, 15, 18]
[22, 23, 24, 25, 26, 29, 30]
[24, 25, 26, 29, 30, 31, 34, 37]
[34, 33, 32, 31, 29, 28, 25]
[39, 41, 44, 46, 48]
[15, 18, 20, 22, 25]
[69, 72, 74, 75, 76, 77]
[88, 87, 86, 85, 84]
[53, 50, 47, 46, 44, 43, 40, 38]
[84, 81, 78, 76, 74, 71, 69]
[25, 23, 20, 18, 17, 14, 12]
[99, 97, 95, 94, 92]
[17, 18, 20, 21, 24, 26]
[14, 17, 18, 20, 22]
[66, 69, 72, 73, 75, 76]
[49, 46, 45, 44, 41, 40, 37]
[49, 47, 45, 43, 42, 39, 36]
[95, 92, 89, 86, 83]
[42, 41, 40, 37, 34, 32, 29]
[68, 65, 63, 60, 59, 56, 54, 51]
[28, 31, 32, 34, 35, 38, 41, 42]
[17, 18, 21, 23, 26, 29, 32]
[87, 90, 92, 94, 96, 98, 99]
[11, 14, 17, 18, 20, 22, 23]
[51, 48, 45, 43, 41, 40, 39, 37]
[72, 74, 77, 79, 82, 85, 86]
[82, 84, 87, 90, 92, 94, 97, 99]
[84, 87, 88, 91, 92, 93]
[88, 90, 93, 96, 97, 98]
[18, 21, 24, 25, 28]
[87, 88, 90, 92, 95, 97]
[2, 5, 8, 10, 11]
[60, 58, 56, 55, 54, 52, 50, 48]
[19, 17, 14, 12, 9, 6]
[42, 39, 36, 34, 33]
[66, 65, 63, 60, 58, 56, 54, 52]
[62, 63, 66, 68, 69, 72, 75]
[50, 47, 44, 41, 40, 39, 38]
[32, 33, 36, 39, 40, 41]
[51, 49, 47, 45, 42, 40]
[73, 70, 67, 66, 63, 61, 59]
[36, 39, 42, 44, 45, 48, 51, 53]
[19, 16, 15, 12, 11, 9, 7]
[61, 58, 57, 56, 53, 50, 47]
[26, 25, 22, 21, 20, 18, 17]
[15, 13, 10, 8, 7]
[7, 8, 9, 11, 12, 13, 15, 17]
[37, 39, 41, 42, 45, 47, 49]
[63, 64, 66, 69, 71, 74]
[45, 43, 42, 39, 38, 36, 33]
[41, 40, 39, 37, 34, 32, 31]
[13, 14, 15, 16, 19, 20, 23]
[24, 23, 22, 19, 17, 15, 14]
[93, 91, 89, 87, 84, 81]
[47, 46, 44, 42, 39, 38]
[83, 82, 80, 79, 76, 75, 74]
[17, 20, 22, 24, 26, 27, 29]
[41, 39, 36, 33, 31, 29]
[45, 46, 49, 52, 54, 56]
[4, 6, 8, 10, 13, 14, 15, 17]
[72, 69, 67, 64, 61, 58, 56]
[12, 14, 17, 19, 21, 24, 26]
[54, 57, 58, 61, 62]
[9, 11, 14, 16, 18, 20]
[38, 40, 42, 45, 46, 48, 49]
[28, 27, 26, 25, 22, 19, 16]
[79, 76, 75, 74, 71, 70, 67]
[81, 78, 75, 73, 72]
[76, 79, 82, 85, 86, 88, 91, 93]
[26, 23, 22, 19, 17, 14, 12]
[52, 50, 48, 45, 44, 41]
[71, 70, 67, 64, 61, 60, 57, 55]
[22, 24, 26, 29, 30, 33, 35, 36]
[3, 5, 7, 10, 13, 14, 15]
[51, 49, 47, 46, 43, 42]
[18, 20, 21, 24, 27]
[36, 37, 40, 43, 45]
[93, 90, 88, 86, 84, 82, 80]
[6, 7, 10, 13, 14]
[90, 89, 87, 85, 82, 79, 77, 76]
[84, 81, 79, 76, 75, 74, 73, 70]
[2, 4, 7, 10, 12]
[83, 84, 85, 86, 89, 91, 92]
[68, 70, 73, 75, 76, 77, 80, 83]
[60, 57, 55, 52, 49, 48, 46, 45]
[78, 76, 75, 73, 70]
[19, 21, 22, 24, 25, 28, 30]
[72, 74, 75, 76, 77, 79]
[45, 48, 49, 52, 53, 56, 57]
[55, 57, 60, 62, 64, 66, 67]
[87, 85, 82, 80, 77, 74]
[39, 38, 36, 35, 33, 32, 30, 27]
[26, 29, 31, 34, 36, 38]
[52, 53, 56, 57, 60]
[65, 63, 61, 60, 57, 55, 54]
[59, 61, 63, 64, 67, 69, 70]
[53, 52, 49, 46, 45, 42, 39, 37]
[76, 75, 72, 69, 67, 64, 62]
[52, 55, 56, 57, 60, 63]
[51, 53, 56, 57, 59]
[32, 31, 30, 29, 28, 27, 24]
[25, 27, 30, 33, 34, 35, 36, 37]
[7, 8, 9, 10, 12, 13, 16, 19]
[36, 33, 32, 31, 28]
[95, 94, 91, 89, 86, 83, 81, 80]
[43, 42, 41, 38, 36, 35, 33]
[33, 30, 27, 25, 22, 20, 19, 18]
[57, 55, 54, 51, 49, 47, 45, 42]
[63, 61, 60, 58, 55, 53, 51, 48]
[45, 44, 41, 40, 38, 37, 34, 31]
[87, 85, 84, 83, 80, 77, 74, 73]
[31, 29, 28, 27, 25]
[14, 11, 10, 7, 4, 1]
[17, 14, 12, 11, 9]
[50, 49, 47, 45, 44, 42]
[55, 58, 60, 63, 66, 68]
[88, 90, 92, 94, 96, 97]
[23, 24, 26, 28, 29, 32]
[9, 11, 13, 15, 17]
[82, 83, 85, 87, 89, 92, 94, 95]
[16, 17, 20, 22, 23]
[54, 55, 56, 58, 60]
[29, 27, 25, 24, 23]
[73, 71, 69, 68, 67, 65, 62]
[3, 5, 7, 9, 10, 13, 15]
[76, 75, 73, 70, 67]
[48, 45, 44, 43, 41]
[52, 54, 57, 59, 61, 64, 65, 66]
[68, 70, 73, 75, 76, 77, 78]
[68, 67, 65, 63, 60]
[49, 51, 54, 56, 58]
[11, 8, 7, 6, 4, 3]
[49, 52, 54, 57, 58, 59, 60, 62]
[22, 19, 18, 16, 13, 10, 7]
[79, 81, 84, 86, 88, 91, 94, 95]
[34, 32, 31, 30, 29]
[44, 41, 38, 35, 34, 32, 31]
[10, 12, 13, 14, 16, 18, 19, 20]
[19, 22, 25, 26, 28, 31, 34, 37]
[68, 70, 73, 75, 77, 79, 81, 84]
[24, 21, 19, 18, 15, 13]
[98, 96, 93, 92, 90, 88, 86]
[97, 94, 91, 88, 85, 83, 81]
[65, 63, 60, 58, 57, 55, 54]
[58, 61, 62, 65, 67]
[42, 44, 45, 46, 48, 50, 51]
[33, 30, 27, 25, 23, 22]
[57, 54, 52, 50, 48, 47, 46]
[48, 45, 44, 42, 39]
[91, 89, 88, 86, 85, 83]
[39, 38, 36, 35, 32, 31, 29, 27]
[39, 38, 37, 36, 34, 33, 31]
[89, 91, 93, 96, 97, 98]
[48, 49, 52, 53, 54, 56, 59, 62]
[78, 81, 82, 83, 86, 87, 90, 91]
[47, 48, 50, 53, 56, 58, 61]
[85, 87, 90, 91, 93, 95]
[28, 31, 33, 34, 36, 38]
[41, 39, 38, 36, 35, 33]
[54, 55, 58, 60, 61, 63, 64]
[8, 11, 13, 15, 16]
[20, 18, 15, 13, 11, 9]
[51, 53, 56, 59, 61, 62, 65]
[40, 41, 42, 43, 46]
[90, 87, 85, 82, 80]
[6, 7, 8, 10, 11, 13, 15]
[72, 74, 76, 78, 81, 84, 87, 90]
[85, 86, 87, 88, 91, 93]
[12, 10, 9, 8, 7, 5, 2]
[84, 82, 79, 78, 75, 73, 72, 69]
[54, 51, 50, 48, 47, 45, 42]
[89, 88, 87, 86, 85, 84, 81, 79]
[36, 35, 33, 31, 29]
[41, 44, 47, 48, 49]
[27, 29, 30, 31, 32, 35, 36, 39]
[3, 5, 8, 10, 12, 14, 15, 16]
[2, 5, 8, 11, 14, 17, 18, 20]
[75, 76, 77, 80, 81, 83, 86]
[56, 57, 59, 62, 65, 66]
[67, 69, 70, 72, 73]
[7, 10, 13, 15, 18, 21, 22]
[55, 53, 51, 48, 45]
[3, 6, 7, 10, 12, 14, 16, 19]
[88, 87, 84, 83, 81, 80, 77, 76]
[62, 64, 66, 67, 69]
[75, 78, 80, 81, 84]
[88, 86, 85, 82, 80, 79, 76]
[66, 69, 72, 74, 77, 78, 79]
[48, 46, 43, 42, 40]
[66, 69, 71, 74, 77, 79, 80, 83]
[55, 58, 61, 64, 67, 68, 70, 71]
[61, 58, 57, 55, 53]
[43, 46, 49, 50, 51, 52]
[56, 53, 50, 49, 47, 46]
[57, 59, 62, 65, 67, 70, 72]
[46, 45, 42, 40, 39]
[93, 92, 90, 89, 86, 85, 83]
[76, 77, 79, 82, 85, 87]
[31, 28, 26, 25, 24, 23, 22]
[35, 34, 32, 31, 29, 28, 25]
[84, 82, 80, 78, 76, 75]
[13, 11, 10, 7, 5, 2]
[43, 40, 38, 36, 34, 31, 28, 27]
[30, 29, 26, 25, 22, 20]
[87, 86, 83, 82, 80, 77, 75, 72]
[45, 46, 48, 50, 51, 53]
[25, 23, 20, 19, 17, 16]
[31, 33, 36, 38, 40, 41, 43, 44]
[64, 62, 59, 57, 55, 54, 52]
[11, 14, 15, 17, 18, 20, 21]
[75, 72, 70, 67, 66, 63, 62]
[71, 72, 73, 75, 78, 80, 81, 84]
[31, 34, 35, 36, 38]
[26, 23, 21, 19, 18, 15, 14, 13]
[26, 24, 21, 19, 16, 13, 10]
[67, 70, 73, 75, 78, 80]
[64, 62, 59, 58, 57, 54, 51]
[62, 59, 56, 54, 52, 49, 48, 46]
[13, 16, 18, 21, 24, 26, 28, 31]
[26, 28, 29, 30, 33, 34, 37]
[30, 28, 26, 24, 23]
[74, 77, 79, 81, 83, 85, 88]
[45, 47, 49, 51, 53]
[30, 27, 26, 25, 23]
[2, 5, 8, 10, 11, 12]
[91, 90, 88, 87, 86, 84, 81]
[97, 96, 93, 92, 89]
[34, 36, 37, 40, 41, 44, 46, 47]
[44, 41, 38, 37, 36, 34]
[42, 44, 45, 48, 50, 52, 53, 54]
[12, 10, 8, 7, 6]
[56, 58, 60, 63, 64, 67, 69, 71]
[46, 47, 48, 49, 52, 54, 57, 59]
[81, 84, 86, 88, 91]
[73, 71, 68, 66, 63, 62, 59, 57]
[42, 39, 36, 33, 32, 31, 30]
[1, 2, 5, 8, 9, 11]
[42, 43, 44, 47, 50, 51]
[33, 32, 31, 28, 26, 25, 24]
[67, 70, 73, 76, 79]
[39, 41, 43, 44, 47, 49]
[42, 41, 38, 37, 34, 31]
[23, 21, 19, 16, 14, 13]
[86, 87, 88, 91, 94, 95, 96]
[40, 37, 34, 33, 32, 29, 26]
[84, 86, 88, 91, 94, 95]
[69, 70, 72, 73, 75, 77, 80]
[35, 32, 31, 29, 27, 25, 23]
[19, 21, 22, 23, 24, 25]
[86, 83, 82, 81, 79, 77, 76, 73]
[41, 44, 46, 48, 51, 52]
[72, 74, 75, 76, 78, 79]
[59, 57, 54, 51, 49, 48, 46]
[1, 4, 6, 7, 9, 10, 13, 14]
[18, 16, 13, 12, 10, 8, 5, 3]
[82, 85, 86, 87, 88]
[17, 16, 15, 14, 12]
[20, 17, 16, 13, 11, 10, 9]
[72, 70, 67, 64, 62, 61, 59, 56]
[57, 60, 61, 63, 65, 67]
[44, 42, 39, 38, 37]
[35, 38, 40, 41, 44]
[31, 30, 27, 26, 24, 22]
[18, 15, 12, 11, 10, 9, 7]
[30, 31, 32, 33, 36, 38, 39, 42]
[61, 60, 58, 56, 53, 52, 49]
[53, 56, 58, 61, 62, 64]
[78, 79, 80, 83, 84]
[54, 51, 50, 49, 46]
[59, 61, 64, 66, 68, 71, 74]
[14, 12, 10, 8, 5, 2]
[12, 13, 16, 17, 20, 23]
[54, 57, 60, 61, 63, 65, 68, 70]
[67, 65, 63, 61, 60, 59, 56, 54]
[50, 51, 53, 56, 57, 59]
[74, 76, 78, 81, 84, 87]
[23, 24, 25, 28, 29, 31]
[74, 71, 68, 66, 64, 62, 59]
[63, 61, 60, 58, 55, 54, 51]
[71, 73, 74, 77, 78]
[20, 19, 18, 15, 13, 12, 9, 7]
[62, 61, 60, 58, 55]
[33, 30, 29, 27, 26, 25, 22]
[69, 67, 64, 62, 61, 58, 56]
[54, 55, 58, 60, 61]
[77, 80, 82, 85, 86, 87]
[71, 68, 66, 64, 63, 62]
[19, 17, 14, 13, 10]
[41, 39, 38, 35, 34, 33, 30, 29]
[69, 67, 66, 64, 63, 60]
[57, 55, 53, 50, 48, 47, 44]
[61, 59, 57, 54, 51, 49]
[74, 73, 71, 68, 65, 63, 61]
[69, 70, 71, 73, 75]
[81, 79, 77, 76, 75, 73]
[58, 57, 56, 55, 52, 51, 50]
[31, 29, 26, 23, 22, 20, 17]
[61, 59, 58, 57, 54, 51, 49]
[67, 69, 71, 72, 73, 76, 79, 80]
[91, 88, 87, 85, 82, 79]
[62, 65, 67, 70, 72, 75, 77]
[68, 69, 72, 73, 75]
[10, 13, 15, 16, 17, 19]
[27, 30, 31, 34, 35]
[17, 16, 13, 12, 11, 10, 7, 6]
[22, 21, 19, 18, 16]
[46, 48, 51, 52, 55, 57]
[60, 59, 56, 55, 52, 51, 50]
[92, 90, 87, 85, 83, 82, 79, 77]
[5, 6, 9, 10, 13, 16, 19]
[26, 24, 22, 20, 18, 17, 16, 15]
[68, 69, 72, 74, 75, 77, 78]
[13, 16, 19, 21, 22]
[19, 22, 24, 27, 28, 30, 31, 32]
[20, 22, 24, 25, 26, 27]
[48, 47, 45, 44, 41, 40, 37, 34]
[92, 89, 88, 85, 83]
[37, 34, 32, 29, 26, 24]
[31, 33, 34, 37, 38]
[97, 95, 93, 91, 89, 86]
[54, 52, 49, 47, 46]
[18, 15, 13, 12, 9]
[32, 33, 36, 38, 40, 42, 45]
[81, 83, 84, 85, 87]
[73, 70, 69, 66, 65, 62, 60, 58]
[89, 91, 92, 93, 94, 96, 97]
[58, 56, 55, 52, 49, 48, 45, 43]
