[87, 90, 92, 95, 96, 93]
[12, 15, 16, 17, 17]
[26, 27, 29, 31, 34, 36, 40]
[79, 80, 82, 85, 87, 88, 95]
[17, 20, 22, 20, 23, 24]
[25, 27, 29, 32, 35, 35, 36]
[16, 14, 17, 20, 21, 23, 26, 28]
[64, 61, 65, 67, 69]
[74, 74, 75, 76, 79]
[1, 5, 8, 9, 10]
[41, 46, 49, 50, 51, 52, 55, 57]
[69, 66, 64, 62, 61, 60, 57, 60]
[66, 63, 62, 60, 58, 57, 57]
[93, 92, 90, 89, 86, 82]
[65, 64, 61, 58, 52]
[18, 17, 15, 17, 14, 12]
[89, 87, 86, 84, 84, 83, 82, 81]
[43, 44, 42, 39, 37, 34, 32]
[11, 11, 8, 7, 6, 4]
[38, 34, 33, 30, 28, 27]
[82, 78, 81, 79, 77]
[49, 43, 41, 38, 35, 34, 32, 29]
[71, 74, 75, 77, 80, 81, 79]
[38, 41, 42, 43, 45, 47, 49, 49]
[84, 85, 86, 88, 91, 93, 97]
[51, 54, 56, 57, 63]
[21, 23, 26, 24, 27, 30]
[60, 61, 63, 65, 66, 66, 67, 69]
[66, 67, 69, 71, 72, 73, 77, 75]
[74, 73, 74, 75, 78]
[85, 85, 86, 88, 90, 92]
[57, 61, 64, 67, 68, 70, 71, 72]
[58, 64, 67, 69, 70, 73, 74]
[64, 63, 61, 58, 56, 54, 51, 53]
[50, 48, 46, 43, 42, 39, 39]
[91, 89, 88, 87, 83]
[50, 49, 47, 45, 44, 41, 36]
[56, 53, 51, 53, 50]
[76, 74, 72, 69, 67, 65, 65, 62]
[92, 94, 92, 89, 86]
[72, 72, 70, 69, 68, 66, 63, 62]
[49, 45, 43, 41, 40]
[12, 8, 11, 8, 5]
[46, 41, 38, 37, 36, 35, 34, 33]
[34, 32, 31, 29, 29, 27]
